sta lat lon HLE HLN HLZ dist az Max3 MaxH MaxZ MaxS
A002 25.1258 121.467 2.159630 1.778650 1.440730 208.871 357.201 2.159630 2.159630 1.440730 3.146951
A003 25.086 121.457 0.861702 0.968382 1.173880 204.521 356.864 1.173880 0.968382 1.173880 1.748796
A006 25.094 121.515 0.666023 0.802386 0.911476 205.165 358.513 0.911476 0.802386 0.911476 1.384990
A007 25.0735 121.517 0.793674 0.811097 0.593412 202.889 358.541 0.811097 0.811097 0.593412 1.280599
A010 25.0652 121.478 0.812882 0.941850 0.850034 202.116 357.421 0.941850 0.941850 0.850034 1.506790
A013 25.0565 121.534 1.008660 0.907349 0.937397 200.967 359.013 1.008660 1.008660 0.937397 1.649057
A014 25.0565 121.552 0.959944 0.884870 0.867355 200.944 359.545 0.959944 0.959944 0.867355 1.567416
A016 25.0616 121.431 1.108500 1.037180 0.802762 201.981 356.078 1.108500 1.108500 0.802762 1.717248
A024 25.0192 121.475 1.052380 0.817323 0.901166 197.042 357.261 1.052380 1.052380 0.901166 1.608608
A025 25.0228 121.498 0.764129 1.034290 0.913918 197.339 357.948 1.034290 1.034290 0.913918 1.577623
A026 25.0157 121.511 1.935600 2.118880 2.043060 196.504 358.333 2.118880 2.118880 2.043060 3.522825
A030 24.9979 121.539 0.946655 1.416060 1.199200 194.471 359.129 1.416060 1.416060 1.199200 2.083138
A032 24.9996 121.483 2.004130 2.339620 2.386510 194.833 357.468 2.386510 2.339620 2.386510 3.896895
A034 24.9536 121.539 1.118150 1.672560 0.823429 189.563 359.117 1.672560 1.672560 0.823429 2.173879
A038 25.0224 121.419 1.828080 1.119480 1.208280 197.75 355.627 1.828080 1.828080 1.208280 2.460702
A039 24.935 121.37 0.578165 0.530530 0.415908 188.571 353.897 0.578165 0.578165 0.415908 0.888097
A043 24.9897 121.418 1.147920 1.291990 0.915195 194.14 355.527 1.291990 1.291990 0.915195 1.955643
A046 25.1024 121.777 1.465910 1.621610 0.656280 207.124 5.84531 1.621610 1.621610 0.656280 2.282370
A047 24.9519 121.345 0.703183 0.663277 0.454116 190.71 353.203 0.703183 0.703183 0.454116 1.068000
A049 25.1469 121.445 1.150360 0.792504 0.536898 211.319 356.647 1.150360 1.150360 0.536898 1.496546
A051 25.0997 121.449 0.700122 0.861134 0.605338 206.083 356.668 0.861134 0.861134 0.605338 1.264182
A052 25.0801 121.39 1.179000 1.748000 1.055390 204.36 354.949 1.748000 1.748000 1.055390 2.357837
A057 25.0799 121.694 1.439800 1.132160 1.110590 203.941 3.58057 1.439800 1.439800 1.110590 2.142013
A059 25.1558 121.694 0.623729 0.604894 0.267185 212.328 3.41941 0.623729 0.623729 0.267185 0.909023
A063 25.1055 121.738 0.893779 0.911679 0.573230 207.093 4.75468 0.911679 0.911679 0.573230 1.399497
A071 25.0017 121.617 0.970520 0.747598 0.495304 194.933 1.44585 0.970520 0.970520 0.495304 1.321415
A072 24.9906 121.659 0.679831 0.734455 0.414853 193.862 2.70871 0.734455 0.734455 0.414853 1.083373
A075 25.0277 121.737 0.840576 0.988722 0.497228 198.494 4.91848 0.988722 0.988722 0.497228 1.389739
A078 25.0336 121.867 0.640894 0.652276 0.308904 200.711 8.63836 0.652276 0.652276 0.308904 0.965210
A083 25.258 121.503 0.282682 0.487088 0.185142 223.364 358.312 0.487088 0.487088 0.185142 0.592825
A084 25.2226 121.637 0.499161 0.419906 0.451462 219.457 1.82286 0.499161 0.499161 0.451462 0.793285
A085 24.9383 121.712 0.466016 0.535701 0.254251 188.424 4.43451 0.535701 0.535701 0.254251 0.754182
A107 25.1328 121.741 0.437322 0.283687 0.285828 210.129 4.75577 0.437322 0.437322 0.285828 0.594497
A115 24.9899 121.465 1.878540 2.594680 1.838660 193.842 356.925 2.594680 2.594680 1.838660 3.693501
A124 24.8637 121.553 0.651659 0.672518 0.523035 179.586 359.53 0.672518 0.672518 0.523035 1.072616
A125 25.0677 121.655 1.498290 2.032090 0.880812 202.381 2.48372 2.032090 2.032090 0.880812 2.673966
B003 25.0456 121.143 0.856645 0.832546 0.367053 204.347 347.888 0.856645 0.856645 0.367053 1.249681
B004 25.0601 121.203 0.841305 0.852984 0.472349 204.727 349.635 0.852984 0.852984 0.472349 1.287824
B006 24.9095 121.149 1.060340 0.784828 0.439124 189.499 347.1 1.060340 1.060340 0.439124 1.390362
B011 24.8841 121.286 1.298940 1.117600 0.687387 184.087 351.109 1.298940 1.298940 0.687387 1.846287
B012 24.9361 121.299 1.246260 0.881092 0.546396 189.597 351.751 1.246260 1.246260 0.546396 1.621122
B013 24.864 121.213 0.622105 1.741490 1.712120 183.208 348.718 1.741490 1.741490 1.712120 2.520150
B014 25.0448 121.315 1.371690 1.659130 0.586688 201.295 352.72 1.659130 1.659130 0.586688 2.231244
B016 24.8145 120.966 2.486110 2.582260 0.707103 184.598 340.733 2.582260 2.582260 0.707103 3.653602
B018 24.8786 121.061 0.821450 0.949504 0.593778 188.435 344.213 0.949504 0.949504 0.593778 1.388852
B019 24.9006 120.987 2.222180 2.117910 0.504580 192.933 342.297 2.222180 2.222180 0.504580 3.110985
B021 24.7919 121.174 2.060800 2.293590 0.983414 176.254 346.935 2.293590 2.293590 0.983414 3.236442
B022 24.7672 120.99 1.960130 2.583690 1.851590 178.847 340.915 2.583690 2.583690 1.851590 3.734428
B023 24.72 121.14 2.276190 2.060680 1.749060 169.36 345.181 2.276190 2.276190 1.749060 3.533646
B026 24.7736 121.084 2.643450 4.378160 2.241760 176.623 343.896 4.378160 4.378160 2.241760 5.584049
B027 24.8301 121.075 1.447410 2.023390 0.677966 182.887 344.169 2.023390 2.023390 0.677966 2.578515
B028 24.7001 121.054 3.581270 2.990330 1.955890 169.738 342.135 3.581270 3.581270 1.955890 5.058960
B029 24.5578 120.758 3.127220 4.108190 1.887680 167.439 330.636 4.108190 4.108190 1.887680 5.497278
B030 24.5863 120.885 3.551800 2.563760 1.231520 164.292 335.102 3.551800 3.551800 1.231520 4.550252
B032 24.5221 120.823 3.732450 4.159930 1.483790 160.79 331.976 4.159930 4.159930 1.483790 5.782546
B034 24.6381 120.865 4.473780 3.928910 3.713990 170.346 335.312 4.473780 4.473780 3.713990 7.017461
B035 24.6141 120.797 2.510930 2.711690 1.868910 171.012 332.833 2.711690 2.711690 1.868910 4.141359
B037 24.4919 120.684 2.751310 3.450040 2.132680 165.125 327.121 3.450040 3.450040 2.132680 4.901103
B039 24.4897 120.791 3.653960 4.088730 2.123810 159.227 330.343 4.088730 4.088730 2.123810 5.880451
B041 24.3898 120.696 3.413110 5.785920 1.862560 155.093 325.205 5.785920 5.785920 1.862560 6.971034
B043 24.6866 120.96 4.107710 3.861880 1.825230 171.53 338.967 4.107710 4.107710 1.825230 5.926117
B045 24.5399 120.92 3.455450 3.329460 0.843227 158.123 335.482 3.455450 3.455450 0.843227 4.872009
B050 24.1799 120.642 5.670510 7.885740 6.527430 140.38 317.894 7.885740 7.885740 6.527430 11.702432
B051 24.1598 120.66 9.383450 17.619500 5.714970 137.505 317.828 17.619500 17.619500 5.714970 20.764315
B053 24.1917 120.679 9.802100 13.948600 8.267010 138.846 319.407 13.948600 13.948600 8.267010 18.946980
B056 24.157 120.634 8.593540 9.597790 5.015220 139.085 316.934 9.597790 9.597790 5.015220 13.824577
B059 24.267 120.572 7.819920 9.972920 7.214760 152.29 318.373 9.972920 9.972920 7.214760 14.582971
B060 24.2219 120.65 11.662400 11.560600 7.765440 143.266 319.408 11.662400 11.662400 7.765440 18.164832
B061 24.1345 120.557 14.110800 14.422600 6.776280 142.831 313.978 14.422600 14.422600 6.776280 21.284831
B062 24.1149 120.684 14.092100 17.384500 5.047610 132.165 317.166 17.384500 17.384500 5.047610 22.940935
B063 24.1078 120.624 16.502800 15.549600 5.400510 135.891 315.051 16.502800 16.502800 5.400510 23.308753
B066 24.2138 120.704 8.567050 10.740800 7.474730 139.045 320.872 10.740800 10.740800 7.474730 15.640675
B068 24.276 120.773 4.710380 4.686780 3.055200 140.26 324.872 4.710380 4.710380 3.055200 7.313538
B069 24.2596 120.831 8.122490 6.779360 5.847670 135.431 326.449 8.122490 8.122490 5.847670 12.088416
B071 23.984 120.795 4.895050 4.656460 2.271670 113.882 316.32 4.895050 4.895050 2.271670 7.127736
B077 23.8272 120.787 8.758530 7.312940 6.247260 102.718 309.253 8.758530 8.758530 6.247260 13.008428
B078 23.8096 120.854 3.725290 8.012670 2.897030 96.2271 310.907 8.012670 8.012670 2.897030 9.299110
B095 24.6888 121.02 3.314230 2.498260 1.431290 169.642 340.913 3.314230 3.314230 1.431290 4.390218
B097 24.7884 120.927 3.727810 4.338770 1.804500 183.231 339.291 4.338770 4.338770 1.804500 5.998142
B099 24.1364 120.699 17.467400 15.861800 4.052810 132.874 318.35 17.467400 17.467400 4.052810 23.940176
B102 24.247 120.729 9.934550 8.046880 6.804230 140.373 322.603 9.934550 9.934550 6.804230 14.482579
B103 24.3075 120.715 5.372170 5.361260 2.024050 146.547 323.782 5.372170 5.372170 2.024050 7.854941
B104 24.2443 120.609 7.491060 10.021800 6.762560 147.897 318.813 10.021800 10.021800 6.762560 14.222682
B111 24.112 120.495 9.301960 14.040200 8.043780 145.809 311.56 14.040200 14.040200 8.043780 18.664299
B112 24.0552 120.43 17.928000 16.493500 8.867010 146.892 308.024 17.928000 17.928000 8.867010 25.924363
B115 23.9579 120.478 9.716480 7.811020 6.335480 136.612 305.677 9.716480 9.716480 6.335480 13.984288
B116 23.8556 120.589 5.390750 5.289130 5.272330 120.865 304.389 5.390750 5.390750 5.272330 9.210458
B117 24.1324 120.468 18.432000 18.908200 5.779790 149.32 311.532 18.908200 18.908200 5.779790 27.030809
B118 24.0004 120.431 11.178000 10.488000 7.828590 143.193 306.124 11.178000 11.178000 7.828590 17.211410
B120 23.9774 120.621 10.512000 9.252350 4.942220 126.339 310.311 10.512000 10.512000 4.942220 14.850376
B121 23.8945 120.459 9.986150 8.713010 4.332640 134.303 302.758 9.986150 9.986150 4.332640 13.943153
B122 23.8118 120.618 4.293250 4.784570 4.515930 115.723 303.217 4.784570 4.784570 4.515930 7.856063
B123 24.0161 120.552 7.380800 12.885600 5.730350 134.544 309.769 12.885600 12.885600 5.730350 15.917029
B135 24.3331 120.653 3.488260 3.669490 1.803740 152.6 322.528 3.669490 3.669490 1.803740 5.374625
B136 24.2583 120.659 10.875900 8.082570 7.423640 145.787 320.699 10.875900 10.875900 7.423640 15.450682
B138 23.9205 120.603 7.714960 9.190040 3.432770 123.896 307.513 9.190040 9.190040 3.432770 12.480439
B139 23.9209 120.548 12.310700 8.923790 5.570440 128.385 306.033 12.310700 12.310700 5.570440 16.193121
B141 23.8321 120.471 5.797730 5.574050 4.246060 129.65 300.471 5.797730 5.797730 4.246060 9.094654
B143 23.8798 120.763 14.353500 7.914630 6.133620 108.33 310.833 14.353500 14.353500 6.133620 17.501018
B145 23.9788 120.344 12.242600 8.818720 4.840660 149.151 303.394 12.242600 12.242600 4.840660 15.845601
B146 24.1609 120.491 21.383800 14.221800 7.475670 149.694 313.028 21.383800 21.383800 7.475670 26.747189
B162 23.8763 120.521 6.702710 5.592920 3.578130 127.881 303.513 6.702710 6.702710 3.578130 9.434516
B170 24.1548 120.72 8.966060 5.299170 7.343210 133.025 319.607 8.966060 8.966060 7.343210 12.743397
B171 24.345 120.588 5.190470 6.208690 1.676290 157.778 320.915 6.208690 6.208690 1.676290 8.264306
B172 24.144 120.682 8.738560 9.788300 5.130560 134.684 318.037 9.788300 9.788300 5.130560 14.088857
B173 24.1113 120.656 6.654930 7.286720 3.403890 133.823 316.17 7.286720 7.286720 3.403890 10.438910
B174 24.2269 120.805 7.909510 14.007300 6.730190 133.923 324.663 14.007300 14.007300 6.730190 17.437324
B175 24.9538 121.204 1.230220 0.957254 0.700689 193.137 349.036 1.230220 1.230220 0.700689 1.709018
B177 24.6561 120.955 1.846590 2.767180 1.354500 168.569 338.392 2.767180 2.767180 1.354500 3.591915
B178 24.0277 120.412 13.288000 12.474400 5.743230 146.53 306.644 13.288000 13.288000 5.743230 19.109325
B179 24.034 120.504 14.278000 13.719600 14.521200 139.553 309.134 14.521200 14.278000 14.521200 24.555121
B180 23.9926 120.546 9.765700 11.184200 8.810300 133.366 308.746 11.184200 11.184200 8.810300 17.264895
B181 23.9535 120.546 2.167650 12.124400 8.518720 130.743 307.249 12.124400 12.124400 8.518720 14.975593
B182 23.8923 120.527 5.097150 7.854330 5.857740 128.331 304.329 7.854330 7.854330 5.857740 11.044662
B183 23.8759 120.416 4.858220 4.820420 9.205210 136.931 301.056 9.205210 4.858220 9.205210 11.470599
B184 23.7492 120.753 4.986530 4.024250 3.077020 100.447 304.14 4.986530 4.986530 3.077020 7.108314
C001 23.7046 120.249 6.091360 5.335660 5.452390 144.142 291.066 6.091360 6.091360 5.452390 9.762299
C002 23.7168 120.42 3.924450 5.579940 5.000840 128.504 294.365 5.579940 5.579940 5.000840 8.458454
C005 23.61 120.422 6.055450 5.825210 2.066760 124.027 289.395 6.055450 6.055450 2.066760 8.652921
C006 23.5796 120.56 11.269000 9.193020 8.497890 109.58 290.129 11.269000 11.269000 8.497890 16.843875
C008 23.4836 120.278 10.915100 13.688700 4.862790 134.617 281.704 13.688700 13.688700 4.862790 18.170488
C012 23.3304 120.16 9.408960 13.110000 5.683640 144.402 274.151 13.110000 13.110000 5.683640 17.108606
C015 23.3526 120.414 9.580320 23.809300 9.969370 118.7 276.134 23.809300 23.809300 9.969370 27.532774
C016 23.2191 120.162 11.629600 12.379100 2.888580 143.915 269.255 12.379100 12.379100 2.888580 17.228860
C017 23.2137 120.277 17.723200 16.062200 3.473020 132.179 268.879 17.723200 17.723200 3.473020 24.169567
C021 23.0791 120.296 10.355000 16.854900 7.019810 131.536 262.351 16.854900 16.854900 7.019810 20.990269
C022 23.0441 120.47 18.243500 23.086900 7.075340 114.605 259.173 23.086900 23.086900 7.075340 30.263686
C023 22.9648 120.289 16.255800 13.060500 1.770530 134.589 257.052 16.255800 16.255800 1.770530 20.927553
C024 23.7553 120.616 2.857070 9.234420 4.508410 112.652 300.473 9.234420 9.234420 4.508410 10.665980
C025 23.7774 120.523 7.728680 8.543220 8.688210 122.092 299.245 8.688210 8.543220 8.688210 14.429279
C026 23.7966 120.419 3.932120 6.503990 3.454760 132.387 297.852 6.503990 6.503990 3.454760 8.348582
C027 23.751 120.254 4.453700 4.516440 5.607010 145.533 293.035 5.607010 4.516440 5.607010 8.465946
C032 23.577 120.302 6.675660 7.253260 3.809930 134.627 286.231 7.253260 7.253260 3.809930 10.568339
C035 23.5186 120.592 9.283220 12.687300 5.264060 104.405 287.237 12.687300 12.687300 5.264060 16.578784
C043 23.4048 120.336 14.456800 14.952400 2.482090 127.254 278.373 14.952400 14.952400 2.482090 20.945981
C047 23.4937 120.455 11.938700 10.951900 5.379820 117.121 283.969 11.938700 11.938700 5.379820 17.071003
C049 23.3655 120.366 18.545400 30.829500 5.052770 123.675 276.57 30.829500 30.829500 5.052770 36.330709
C053 23.2864 120.364 15.541000 10.715800 3.336930 123.325 272.505 15.541000 15.541000 3.336930 19.169928
C056 23.2621 120.139 15.944500 12.693100 3.070100 146.225 271.141 15.944500 15.944500 3.070100 20.609886
C058 23.1714 120.327 9.260940 10.610200 4.568460 127.269 266.706 10.610200 10.610200 4.568460 14.805816
C060 23.1234 120.246 10.529600 16.889000 2.805530 136.016 264.704 16.889000 16.889000 2.805530 20.099298
C062 23.1216 120.459 6.946540 10.868400 4.101770 114.326 263.501 10.868400 10.868400 4.101770 13.535178
C065 22.9043 120.352 15.800300 9.888400 6.455350 130.133 253.52 15.800300 15.800300 6.455350 19.725655
C066 22.9188 120.217 7.409030 9.203300 5.479430 142.969 255.751 9.203300 9.203300 5.479430 13.023771
C069 22.9732 120.19 8.594510 10.792800 7.016050 144.303 258.351 10.792800 10.792800 7.016050 15.478213
C082 23.7227 120.307 5.454930 6.656140 4.835430 139.403 292.686 6.656140 6.656140 4.835430 9.871264
C087 23.3821 120.53 17.751800 18.110600 5.474680 107.307 278.499 18.110600 18.110600 5.474680 25.944024
C092 23.7889 120.486 4.869920 3.505500 2.809540 125.979 298.931 4.869920 4.869920 2.809540 6.625569
C094 23.7923 120.331 3.729620 4.444590 3.386550 140.286 295.98 4.444590 4.444590 3.386550 6.718122
C095 23.4559 120.331 9.483820 10.788700 6.026970 128.727 280.834 10.788700 10.788700 6.026970 15.577652
C096 22.9813 120.241 8.304910 7.757850 7.021250 139.003 258.26 8.304910 8.304910 7.021250 13.358657
C097 23.0089 120.212 6.612720 7.404490 4.021630 141.322 259.729 7.404490 7.404490 4.021630 10.711118
C098 23.0006 120.166 16.620200 12.163900 8.497350 146.068 259.715 16.620200 16.620200 8.497350 22.279957
C100 23.2256 120.35 21.718700 19.429700 6.267390 124.637 269.389 21.718700 21.718700 6.267390 29.807639
C104 23.6678 120.473 14.754400 6.968500 4.627390 121.358 293.067 14.754400 14.754400 4.627390 16.960691
C105 23.5547 120.345 10.497600 13.236700 4.933040 129.68 285.714 13.236700 13.236700 4.933040 17.599566
C106 23.4363 120.415 12.773700 17.749400 5.171430 119.885 280.548 17.749400 17.749400 5.171430 22.471144
C107 23.2977 120.299 19.117300 17.915100 6.920920 129.965 272.956 19.117300 19.117300 6.920920 27.098360
C112 23.7025 120.193 5.619130 5.854770 4.592840 149.428 290.214 5.854770 5.854770 4.592840 9.324545
C116 23.0768 120.117 6.021080 10.064000 2.071330 149.736 263.253 10.064000 10.064000 2.071330 11.909152
C123 23.4835 120.24 12.596300 19.033900 5.690570 138.431 281.388 19.033900 19.033900 5.690570 23.523153
C129 23.2926 120.244 20.050000 16.054600 4.218270 135.58 272.616 20.050000 20.050000 4.218270 26.029723
C131 23.1196 120.361 9.435660 12.487100 6.535560 124.289 263.959 12.487100 12.487100 6.535560 16.960922
C138 23.6454 120.317 9.738670 9.319140 4.839000 135.364 289.504 9.738670 9.738670 4.839000 14.321452
C139 23.6443 120.431 7.039700 7.423770 2.889590 124.427 291.189 7.423770 7.423770 2.889590 10.631061
C140 23.2377 120.175 23.457200 16.104200 5.846040 142.541 270.067 23.457200 23.457200 5.846040 29.047576
C141 23.1226 120.199 12.039200 13.023300 4.871130 140.808 264.864 13.023300 13.023300 4.871130 18.392297
C142 23.0559 120.403 17.070200 24.430500 7.981890 121.033 260.406 24.430500 24.430500 7.981890 30.853713
C143 22.9641 120.359 29.446800 21.324300 9.605270 127.661 256.27 29.446800 29.446800 9.605270 37.604534
C144 23.6044 120.394 7.633480 8.352420 3.917340 126.509 288.711 8.352420 8.352420 3.917340 11.974076
C145 23.4605 120.153 6.115460 12.591800 4.019230 146.671 279.763 12.591800 12.591800 4.019230 14.563876
C146 23.1817 120.26 9.562840 12.629300 4.278480 134.064 267.388 12.629300 12.629300 4.278480 16.408916
D008 22.6284 120.376 17.049800 14.095900 4.496220 139.894 241.156 17.049800 17.049800 4.496220 22.574456
D009 22.8675 120.264 15.946400 10.348100 2.795450 139.901 252.996 15.946400 15.946400 2.795450 19.214198
D011 22.7601 120.264 9.872180 9.352550 4.203190 143.934 248.477 9.872180 9.872180 4.203190 14.233655
D012 22.8772 120.379 14.656800 16.233000 4.941290 128.366 251.872 16.233000 16.233000 4.941290 22.422052
D013 22.7945 120.365 17.190200 17.241500 9.239180 132.882 248.321 17.241500 17.241500 9.239180 26.041020
D014 22.7015 120.349 6.432930 8.541040 4.354780 138.622 244.64 8.541040 8.541040 4.354780 11.545391
D015 22.6543 120.341 9.668750 7.629750 6.834710 141.657 242.871 9.668750 9.668750 6.834710 14.085847
D017 22.507 120.393 4.704600 2.085470 2.745190 145.462 236.188 4.704600 4.704600 2.745190 5.832539
D028 22.826 120.599 9.207200 11.084500 3.797200 109.474 245.286 11.084500 11.084500 3.797200 14.901591
D031 22.5822 120.489 7.654930 9.654200 5.463120 132.67 236.772 9.654200 9.654200 5.463120 13.477656
D032 22.5437 120.461 11.165900 8.559730 2.383930 137.462 235.966 11.165900 11.165900 2.383930 14.269878
D033 22.4622 120.461 4.725640 4.442340 2.847040 142.762 232.978 4.725640 4.725640 2.847040 7.083198
D034 22.5283 120.628 2.916000 3.817460 2.568270 124.736 230.843 3.817460 3.817460 2.568270 5.447207
D035 22.5471 120.54 10.754000 8.174850 3.944680 130.576 234.071 10.754000 10.754000 3.944680 14.072569
D039 22.0954 120.748 0.896154 0.998945 0.515771 152.395 213.712 0.998945 0.998945 0.515771 1.437707
D044 22.4366 120.511 11.521900 11.065200 3.232900 140.429 230.761 11.521900 11.521900 3.232900 16.298603
D054 23.2765 120.721 12.014400 16.384000 13.349600 86.7934 272.67 16.384000 16.384000 13.349600 24.310349
D062 22.622 120.293 8.853180 9.718790 6.360170 147.765 242.544 9.718790 9.718790 6.360170 14.604295
D063 22.9043 120.183 10.959500 9.328520 3.208470 146.815 255.5 10.959500 10.959500 3.208470 14.745379
D064 22.7834 120.248 15.984000 13.320500 4.575090 144.528 249.672 15.984000 15.984000 4.575090 21.303883
D065 22.7522 120.312 13.357200 9.896500 6.109050 139.785 247.396 13.357200 13.357200 6.109050 17.710900
D066 22.7303 120.346 15.496500 20.426900 11.108300 137.573 245.897 20.426900 20.426900 11.108300 27.942693
D067 22.6552 120.424 8.751580 6.198200 3.289840 134.147 241.234 8.751580 8.751580 3.289840 11.217437
D068 22.976 120.544 13.306100 11.042300 5.504420 108.937 254.491 13.306100 13.306100 5.504420 18.146166
D069 22.8858 120.665 15.947500 10.946800 6.230340 100.634 247.075 15.947500 15.947500 6.230340 20.321720
D070 22.781 120.496 12.153500 12.141700 5.468880 121.206 245.279 12.153500 12.153500 5.468880 18.028785
D071 22.6477 120.521 7.721230 10.833400 3.527650 125.93 238.676 10.833400 10.833400 3.527650 13.763149
D072 22.6672 120.601 6.963680 6.807840 5.177320 117.827 237.471 6.963680 6.963680 5.177320 11.029241
D075 22.4882 120.506 10.923700 8.389540 3.309410 137.29 232.741 10.923700 10.923700 3.309410 14.165585
D076 22.4263 120.565 3.993730 4.652840 2.187380 136.998 228.925 4.652840 4.652840 2.187380 6.510256
D077 22.7454 120.732 6.279370 7.630570 3.669330 101.884 237.47 7.630570 7.630570 3.669330 10.541350
D079 22.591 120.633 12.590500 8.769920 6.203500 120.049 233.254 12.590500 12.590500 6.203500 16.550396
D085 22.884 120.329 9.948570 7.815550 3.998860 133.021 252.888 9.948570 9.948570 3.998860 13.268299
D086 22.7927 120.303 10.749700 9.328350 3.593580 138.904 249.244 10.749700 10.749700 3.593580 14.679509
D088 22.644 120.319 8.742550 8.326520 5.602440 144.247 242.901 8.742550 8.742550 5.602440 13.309788
D090 22.5895 120.416 8.032750 9.729740 8.708310 138.555 238.775 9.729740 9.729740 8.708310 15.330609
D103 22.6269 120.305 4.821780 5.726050 4.306500 146.409 242.506 5.726050 5.726050 4.306500 8.636154
D105 22.9394 120.46 21.977300 27.175400 18.055200 118.341 253.75 27.175400 27.175400 18.055200 39.338204
D106 22.6229 120.313 7.774720 6.757360 2.044720 145.87 242.193 7.774720 7.774720 2.044720 10.501860
D107 22.6238 120.282 9.225120 7.892790 6.484170 148.609 242.806 9.225120 9.225120 6.484170 13.763845
D108 22.8143 120.224 23.594800 51.085500 8.993770 145.662 251.273 51.085500 51.085500 8.993770 56.985356
D109 22.9114 120.199 16.435300 14.274800 6.929770 145.009 255.63 16.435300 16.435300 6.929770 22.845365
D110 22.6084 120.272 6.331440 6.238530 4.549920 150.34 242.417 6.331440 6.331440 4.549920 9.985397
D111 22.6443 120.526 13.493900 22.794700 6.111310 125.725 238.417 22.794700 22.794700 6.111310 27.185139
D112 22.5822 120.544 10.045900 7.880460 3.460100 127.944 235.352 10.045900 10.045900 3.460100 13.228532
D113 22.3679 120.591 2.609470 2.793370 2.207010 139.419 226.198 2.793370 2.793370 2.207010 4.413971
D114 22.5138 120.511 9.485150 9.560950 2.975570 135.159 233.557 9.560950 9.560950 2.975570 13.792529
E004 24.7435 121.791 1.165770 1.429040 0.709217 167.804 7.71342 1.429040 1.429040 0.709217 1.975896
E022 24.6668 121.651 0.865302 0.978984 0.801939 157.997 3.04373 0.978984 0.978984 0.801939 1.533057
E023 24.6787 121.61 1.308740 1.485850 1.266900 159.153 1.51403 1.485850 1.485850 1.266900 2.350657
E026 24.6734 121.773 2.141880 2.135860 1.740740 159.865 7.44976 2.141880 2.141880 1.740740 3.489946
E033 24.863 121.828 1.069790 1.022640 1.027790 181.443 8.31246 1.069790 1.069790 1.027790 1.801831
E035 24.8223 121.769 0.824808 0.878221 0.621446 176.187 6.60736 0.878221 0.878221 0.621446 1.355646
E037 24.7435 121.723 1.639390 2.013230 1.589310 167.017 5.3842 2.013230 2.013230 1.589310 3.044109
E042 24.6874 121.799 1.307770 1.445120 1.076690 161.772 8.29572 1.445120 1.445120 1.076690 2.226633
E046 24.6649 121.742 1.426570 1.103260 0.936362 158.565 6.38843 1.426570 1.426570 0.936362 2.032008
E062 24.4663 121.801 3.628100 3.080910 2.668060 137.623 9.87569 3.628100 3.628100 2.668060 5.456525
F015 23.9729 121.563 7.340290 5.864090 4.607630 80.915 359.615 7.340290 7.340290 4.607630 10.464113
F026 24.1182 121.624 7.659280 7.796720 5.733460 97.1764 3.38754 7.796720 7.796720 5.733460 12.342041
F041 23.2648 121.303 52.906900 32.905900 21.394700 27.2686 275.302 52.906900 52.906900 21.394700 65.876183
F042 23.2199 121.265 29.090800 29.802100 22.401400 31.158 265.494 29.802100 29.802100 22.401400 47.289138
F067 23.7545 121.469 10.329200 8.162930 6.501530 57.6299 349.892 10.329200 10.329200 6.501530 14.683177
G020 23.1259 121.215 13.183000 14.283500 9.167920 38.4007 250.454 14.283500 14.283500 9.167920 21.490943
G021 23.102 121.176 23.510700 25.927000 19.270500 43.0495 248.914 25.927000 25.927000 19.270500 39.953905
G023 23.0512 121.164 0.000000 17.125400 10.835800 46.4864 242.998 17.125400 17.125400 10.835800 20.265584
G025 22.9023 121.08 22.678400 18.721200 21.344300 62.5932 233.111 22.678400 22.678400 21.344300 36.336927
G026 22.8597 121.092 12.319500 12.295200 8.330170 64.6344 229.131 12.319500 12.319500 8.330170 19.295952
G031 23.3563 121.467 110.323000 101.519000 29.622300 16.2933 320.815 110.323000 110.323000 29.622300 152.822617
G035 22.8784 121.228 69.459400 114.013000 46.118200 53.3026 220.939 114.013000 114.013000 46.118200 141.246100
G037 22.5321 120.967 3.670660 5.180380 2.913990 99.9611 218.233 5.180380 5.180380 2.913990 6.985801
G045 22.9741 121.156 15.122400 14.219400 10.204900 51.5801 234.919 15.122400 15.122400 10.204900 23.130463
